1150.0 0.161803485436
1151.0 0.163431181071
1152.0 0.165014033157
1153.0 0.166552640932
1154.0 0.168047603635
1155.0 0.169499520505
1156.0 0.170908990781
1157.0 0.172276613701
1158.0 0.173602988505
1159.0 0.174888714431
1160.0 0.176134390718
1161.0 0.177340616606
1162.0 0.178507991331
1163.0 0.179637114135
1164.0 0.180728584254
1165.0 0.181783000929
1166.0 0.182800963398
1167.0 0.1837830709
1168.0 0.184729922674
1169.0 0.185642117958
1170.0 0.186520255991
1171.0 0.187364936013
1172.0 0.188176757261
1173.0 0.188956318975
1174.0 0.189704220394
1175.0 0.190421060757
1176.0 0.191107439301
1177.0 0.191763955267
1178.0 0.192391207893
1179.0 0.192989796417
1180.0 0.193560320079
1181.0 0.194103378117
1182.0 0.194619569771
1183.0 0.195109494279
1184.0 0.195573750879
1185.0 0.196012938811
1186.0 0.196427657314
1187.0 0.196818505626
1188.0 0.197186082986
1189.0 0.197530988634
1190.0 0.197853821807
1191.0 0.198155181745
1192.0 0.198435667686
1193.0 0.198695878869
1194.0 0.198936414534
1195.0 0.199157873919
1196.0 0.199360856262
1197.0 0.199545960803
1198.0 0.199713786781
1199.0 0.199864933433
1200.0 0.2
1201.0 0.200119549764
1202.0 0.20022400219
1203.0 0.200313740783
1204.0 0.200389149053
1205.0 0.200450610507
1206.0 0.200498508653
1207.0 0.200533226998
1208.0 0.20055514905
1209.0 0.200564658318
1210.0 0.200562138309
1211.0 0.20054797253
1212.0 0.20052254449
1213.0 0.200486237696
1214.0 0.200439435656
1215.0 0.200382521877
1216.0 0.200315879869
1217.0 0.200239893137
1218.0 0.200154945191
1219.0 0.200061419538
1220.0 0.199959699685
1221.0 0.199850169141
1222.0 0.199733211413
1223.0 0.199609210009
1224.0 0.199478548437
1225.0 0.199341610205
1226.0 0.199198778819
1227.0 0.199050437789
1228.0 0.198896970622
1229.0 0.198738760826
1230.0 0.198576191908
1231.0 0.198409647376
1232.0 0.198239510738
1233.0 0.198066165502
1234.0 0.197889995176
1235.0 0.197711383266
1236.0 0.197530713282
1237.0 0.197348368731
1238.0 0.197164733121
1239.0 0.196980189959
1240.0 0.196795122753
1241.0 0.196609915012
1242.0 0.196424950242
1243.0 0.196240611951
1244.0 0.196057283648
1245.0 0.19587534884
1246.0 0.195695191035
1247.0 0.195517193741
1248.0 0.195341740465
1249.0 0.195169214716
1250.0 0.195
1251.0 0.194834405935
1252.0 0.194672446575
1253.0 0.194514062082
1254.0 0.19435919262
1255.0 0.19420777835
1256.0 0.194059759436
1257.0 0.19391507604
1258.0 0.193773668325
1259.0 0.193635476454
1260.0 0.19350044059
1261.0 0.193368500895
1262.0 0.193239597532
1263.0 0.193113670665
1264.0 0.192990660455
1265.0 0.192870507065
1266.0 0.192753150659
1267.0 0.192638531399
1268.0 0.192526589447
1269.0 0.192417264967
1270.0 0.192310498122
1271.0 0.192206229073
1272.0 0.192104397984
1273.0 0.192004945018
1274.0 0.191907810337
1275.0 0.191812934104
1276.0 0.191720256482
1277.0 0.191629717634
1278.0 0.191541257722
1279.0 0.191454816909
1280.0 0.191370335358
1281.0 0.191287753232
1282.0 0.191207010694
1283.0 0.191128047905
1284.0 0.191050805029
1285.0 0.19097522223
1286.0 0.190901239668
1287.0 0.190828797508
1288.0 0.190757835912
1289.0 0.190688295043
1290.0 0.190620115063
1291.0 0.190553236136
1292.0 0.190487598424
1293.0 0.190423142089
1294.0 0.190359807296
1295.0 0.190297534205
1296.0 0.190236262981
1297.0 0.190175933785
1298.0 0.190116486782
1299.0 0.190057862132
1300.0 0.19
1301.0 0.189942845201
1302.0 0.189886361168
1303.0 0.189830515984
1304.0 0.189775277735
1305.0 0.189720614505
1306.0 0.18966649438
1307.0 0.189612885445
1308.0 0.189559755784
1309.0 0.189507073482
1310.0 0.189454806624
1311.0 0.189402923296
1312.0 0.189351391582
1313.0 0.189300179567
1314.0 0.189249255336
1315.0 0.189198586973
1316.0 0.189148142565
1317.0 0.189097890195
1318.0 0.189047797949
1319.0 0.188997833911
1320.0 0.188947966167
1321.0 0.188898162802
1322.0 0.188848391899
1323.0 0.188798621545
1324.0 0.188748819824
1325.0 0.188698954822
1326.0 0.188648994622
1327.0 0.18859890731
1328.0 0.188548660971
1329.0 0.18849822369
1330.0 0.188447563552
1331.0 0.188396648641
1332.0 0.188345447043
1333.0 0.188293926843
1334.0 0.188242056125
1335.0 0.188189802974
1336.0 0.188137135475
1337.0 0.188084021714
1338.0 0.188030429775
1339.0 0.187976327743
1340.0 0.187921683702
1341.0 0.187866465739
1342.0 0.187810641938
1343.0 0.187754180383
1344.0 0.18769704916
1345.0 0.187639216353
1346.0 0.187580650048
1347.0 0.18752131833
1348.0 0.187461189283
1349.0 0.187400230992
1350.0 0.187338411542
1351.0 0.187275699019
1352.0 0.187212061506
1353.0 0.18714746709
1354.0 0.187081883854
1355.0 0.187015279884
1356.0 0.186947623265
1357.0 0.186878882082
1358.0 0.186809024419
1359.0 0.186738018362
1360.0 0.186665831995
1361.0 0.186592433404
1362.0 0.186517790673
1363.0 0.186441871887
1364.0 0.186364645131
1365.0 0.18628607849
1366.0 0.18620614005
1367.0 0.186124797894
1368.0 0.186042020108
1369.0 0.185957774777
1370.0 0.185872029985
1371.0 0.185784753818
1372.0 0.185695914361
1373.0 0.185605479698
1374.0 0.185513417914
1375.0 0.185419697095
1376.0 0.185324285325
1377.0 0.185227150689
1378.0 0.185128261272
1379.0 0.18502758516
1380.0 0.184925090436
1381.0 0.184820745186
1382.0 0.184714517494
1383.0 0.184606375447
1384.0 0.184496287128
1385.0 0.184384220622
1386.0 0.184270144015
1387.0 0.184154025392
1388.0 0.184035832836
1389.0 0.183915534434
1390.0 0.18379309827
1391.0 0.18366849243
1392.0 0.183541684997
1393.0 0.183412644057
1394.0 0.183281337695
1395.0 0.183147733995
1396.0 0.183011801044
1397.0 0.182873506925
1398.0 0.182732819724
1399.0 0.182589707525
1400.0 0.182444138413
1401.0 0.182296080474
1402.0 0.182145501792
1403.0 0.181992370452
1404.0 0.181836654539
1405.0 0.181678322139
1406.0 0.181517341335
1407.0 0.181353680213
1408.0 0.181187306858
1409.0 0.181018189354
1410.0 0.180846295788
1411.0 0.180671594242
1412.0 0.180494052804
1413.0 0.180313639556
1414.0 0.180130322585
1415.0 0.179944069975
1416.0 0.179754849812
1417.0 0.179562630179
1418.0 0.179367379163
1419.0 0.179169064847
1420.0 0.178967655318
1421.0 0.178763118659
1422.0 0.178555422956
1423.0 0.178344536293
1424.0 0.178130426756
1425.0 0.17791306243
1426.0 0.177692411398
1427.0 0.177468441748
1428.0 0.177241121562
1429.0 0.177010418927
1430.0 0.176776301927
1431.0 0.176538738647
1432.0 0.176297697171
1433.0 0.176053145586
1434.0 0.175805051975
1435.0 0.175553384425
1436.0 0.175298111018
1437.0 0.175039199842
1438.0 0.17477661898
1439.0 0.174510336517
1440.0 0.174240320539
1441.0 0.17396653913
1442.0 0.173688960375
1443.0 0.173407552359
1444.0 0.173122283167
1445.0 0.172833120885
1446.0 0.172540033596
1447.0 0.172242989386
1448.0 0.171941956339
1449.0 0.171636902541
1450.0 0.171327796077
1451.0 0.171014605032
1452.0 0.17069729749
1453.0 0.170375841536
1454.0 0.170050205255
1455.0 0.169720356733
1456.0 0.169386264054
1457.0 0.169047895302
1458.0 0.168705218564
1459.0 0.168358201924
1460.0 0.168006813466
1461.0 0.167651021277
1462.0 0.167290793439
1463.0 0.16692609804
1464.0 0.166556903163
1465.0 0.166183176893
1466.0 0.165804887316
1467.0 0.165422002516
1468.0 0.165034490579
1469.0 0.164642319588
1470.0 0.164245457629
1471.0 0.163843872788
1472.0 0.163437533148
1473.0 0.163026406795
1474.0 0.162610461814
1475.0 0.16218966629
1476.0 0.161763988307
1477.0 0.161333395951
1478.0 0.160897857306
1479.0 0.160457340457
1480.0 0.16001181349
1481.0 0.159561244489
1482.0 0.159105601539
1483.0 0.158644852726
1484.0 0.158178966133
1485.0 0.157707909846
1486.0 0.15723165195
1487.0 0.15675016053
1488.0 0.15626340367
1489.0 0.155771349456
1490.0 0.155273965972
1491.0 0.154771221304
1492.0 0.154263083537
1493.0 0.153749520754
1494.0 0.153230501042
1495.0 0.152705992485
1496.0 0.152175963168
1497.0 0.151640381177
1498.0 0.151099214595
1499.0 0.150552431507
1500.0 0.15
1501.0 0.149441910423
1502.0 0.148878242188
1503.0 0.148309096973
1504.0 0.147734576457
1505.0 0.147154782315
1506.0 0.146569816228
1507.0 0.145979779871
1508.0 0.145384774923
1509.0 0.144784903062
1510.0 0.144180265965
1511.0 0.14357096531
1512.0 0.142957102775
1513.0 0.142338780037
1514.0 0.141716098775
1515.0 0.141089160665
1516.0 0.140458067386
1517.0 0.139822920616
1518.0 0.139183822032
1519.0 0.138540873312
1520.0 0.137894176133
1521.0 0.137243832174
1522.0 0.136589943112
1523.0 0.135932610625
1524.0 0.13527193639
1525.0 0.134608022086
1526.0 0.133940969389
1527.0 0.133270879979
1528.0 0.132597855532
1529.0 0.131921997726
1530.0 0.131243408239
1531.0 0.130562188749
1532.0 0.129878440934
1533.0 0.12919226647
1534.0 0.128503767037
1535.0 0.127813044311
1536.0 0.127120199971
1537.0 0.126425335693
1538.0 0.125728553157
1539.0 0.125029954039
1540.0 0.124329640018
1541.0 0.12362771277
1542.0 0.122924273975
1543.0 0.122219425308
1544.0 0.12151326845
1545.0 0.120805905076
1546.0 0.120097436865
1547.0 0.119387965494
1548.0 0.118677592642
1549.0 0.117966419985
1550.0 0.117254549203
1551.0 0.116542081971
1552.0 0.115829119969
1553.0 0.115115764874
1554.0 0.114402118363
1555.0 0.113688282115
1556.0 0.112974357806
1557.0 0.112260447116
1558.0 0.111546651721
1559.0 0.110833073299
1560.0 0.110119813529
1561.0 0.109406974087
1562.0 0.108694656652
1563.0 0.107982962901
1564.0 0.107271994511
1565.0 0.106561853162
1566.0 0.10585264053
1567.0 0.105144458293
1568.0 0.104437408129
1569.0 0.103731591716
1570.0 0.103027110731
1571.0 0.102324066852
1572.0 0.101622561757
1573.0 0.100922697123
1574.0 0.100224574629
1575.0 0.0995282959519
1576.0 0.0988339627695
1577.0 0.0981416767597
1578.0 0.0974515396001
1579.0 0.0967636529684
1580.0 0.0960781185425
1581.0 0.095395038
1582.0 0.0947145130187
1583.0 0.0940366452763
1584.0 0.0933615364506
1585.0 0.0926892882192
1586.0 0.09202000226
1587.0 0.0913537802506
1588.0 0.0906907238688
1589.0 0.0900309347923
1590.0 0.0893745146988
1591.0 0.0887215652662
1592.0 0.0880721881721
1593.0 0.0874264850942
1594.0 0.0867845577103
1595.0 0.0861465076982
1596.0 0.0855124367355
1597.0 0.0848824465
1598.0 0.0842566386695
1599.0 0.0836351149216
1600.0 0.0830179769341
1601.0 0.0824053263847
1602.0 0.0817972649513
1603.0 0.0811938943114
1604.0 0.0805953161428
1605.0 0.0800016321233
1606.0 0.0794129439307
1607.0 0.0788293532425
1608.0 0.0782509617367
1609.0 0.0776778710908
1610.0 0.0771101829827
1611.0 0.0765479990901
1612.0 0.0759914210907
1613.0 0.0754405506622
1614.0 0.0748954894825
1615.0 0.0743563392291
1616.0 0.0738232015799
1617.0 0.0732961782126
1618.0 0.0727753708048
1619.0 0.0722608810345
1620.0 0.0717528105792
1621.0 0.0712512611168
1622.0 0.0707563343249
1623.0 0.0702681318813
1624.0 0.0697867554637
1625.0 0.0693123067499
1626.0 0.0688448874176
1627.0 0.0683845991445
1628.0 0.0679315436084
1629.0 0.0674858224869
1630.0 0.067047537458
1631.0 0.0666167901991
1632.0 0.0661936823882
1633.0 0.0657783157029
1634.0 0.065370791821
1635.0 0.0649712124202
1636.0 0.0645796791782
1637.0 0.0641962937728
1638.0 0.0638211578817
1639.0 0.0634543731827
1640.0 0.0630960413534
1641.0 0.0627462640716
1642.0 0.0624051430151
1643.0 0.0620727798616
1644.0 0.0617492762888
1645.0 0.0614347339744
1646.0 0.0611292545962
1647.0 0.0608329398319
1648.0 0.0605458913593
1649.0 0.0602682108561
1650.0 0.06
1651.0 0.0597413131861
1652.0 0.0594920156786
1653.0 0.0592519254594
1654.0 0.0590208605099
1655.0 0.0587986388118
1656.0 0.0585850783468
1657.0 0.0583799970965
1658.0 0.0581832130427
1659.0 0.0579945441668
1660.0 0.0578138084506
1661.0 0.0576408238756
1662.0 0.0574754084237
1663.0 0.0573173800763
1664.0 0.0571665568151
1665.0 0.0570227566219
1666.0 0.0568857974781
1667.0 0.0567554973655
1668.0 0.0566316742658
1669.0 0.0565141461605
1670.0 0.0564027310313
1671.0 0.0562972468598
1672.0 0.0561975116278
1673.0 0.0561033433167
1674.0 0.0560145599084
1675.0 0.0559309793844
1676.0 0.0558524197263
1677.0 0.0557786989159
1678.0 0.0557096349347
1679.0 0.0556450457644
1680.0 0.0555847493867
1681.0 0.0555285637832
1682.0 0.0554763069355
1683.0 0.0554277968253
1684.0 0.0553828514342
1685.0 0.0553412887439
1686.0 0.055302926736
1687.0 0.0552675833921
1688.0 0.055235076694
1689.0 0.0552052246232
1690.0 0.0551778451614
1691.0 0.0551527562903
1692.0 0.0551297759914
1693.0 0.0551087222465
1694.0 0.0550894130371
1695.0 0.055071666345
1696.0 0.0550553001517
1697.0 0.0550401324389
1698.0 0.0550259811882
1699.0 0.0550126643814
1700.0 0.055
1701.0 0.0549877966175
1702.0 0.054975825175
1703.0 0.0549638472051
1704.0 0.0549516242406
1705.0 0.0549389178144
1706.0 0.0549254894593
1707.0 0.054911100708
1708.0 0.0548955130934
1709.0 0.0548784881482
1710.0 0.0548597874053
1711.0 0.0548391723974
1712.0 0.0548164046573
1713.0 0.0547912457178
1714.0 0.0547634571117
1715.0 0.0547328003719
1716.0 0.054699037031
1717.0 0.0546619286219
1718.0 0.0546212366775
1719.0 0.0545767227304
1720.0 0.0545281483135
1721.0 0.0544752749595
1722.0 0.0544178642013
1723.0 0.0543556775717
1724.0 0.0542884766035
1725.0 0.0542160228294
1726.0 0.0541380777822
1727.0 0.0540544029948
1728.0 0.0539647599999
1729.0 0.0538689103304
1730.0 0.053766615519
1731.0 0.0536576370985
1732.0 0.0535417366017
1733.0 0.0534186755614
1734.0 0.0532882155104
1735.0 0.0531501179815
1736.0 0.0530041445075
1737.0 0.0528500566212
1738.0 0.0526876158554
1739.0 0.0525165837428
1740.0 0.0523367218163
1741.0 0.0521477916087
1742.0 0.0519495546527
1743.0 0.0517417724812
1744.0 0.051524206627
1745.0 0.0512966186227
1746.0 0.0510587700013
1747.0 0.0508104222956
1748.0 0.0505513370382
1749.0 0.0502812757621
1750.0 0.05
